1992    517614  520336  530741  533340  536747  541503  545225  541365  546740  546043  550307  552172
1993    558834  558337  554961  560916  568507  566310  566323  566653  571344  577026  577704  577117
1994    584321  588458  595183  596712  600178  605075  610294  619481  619861  628011  631771  642350
1995    644674  645296  641155  649552  647749  654826  653413  657875  664747  662167  665467  678386
1996    660416  659670  676135  677539  684017  688424  687282  689695  695677  695111  703144  700539
1997    704038  717843  718089  718045  714436  722320  727824  728004  731857  730206  737520  733769
1998    732016  740125  741495  740184  742777  736306  733462  738142  743458  750026  752562  755844
1999    757979  765545  765096  769760  780745  782081  785815  795441  796698  805370  809531  817556
2000    826110  815944  830988  834393  828962  839258  834056  829343  845393  838509  834373  841755
2001    834334  836774  823799  818920  827306  815238  812018  817416  803541  815821  808120  806083
2002    804983  808008  808427  821888  821806  824919  826235  834772  831982  830608  837344  829745
2003    841422  841268  850463  835270  836954  848200  857407  859130  865635  869551  874546  875843
2004    876845  886486  911213  906503  915415  914531  919148  928895  937199  950053  956421  967136
2005    973040  978450  976195  995270  987105  998937 1005317 1013781 1028464 1036165 1034737 1045128
2006   1058232 1056926 1061488 1059280 1072980 1075342 1073105 1083354 1068905 1064568 1070359 1095403
2007   1080001 1095663 1107931 1114607 1127984 1125170 1125633 1131154 1141042 1152758 1173018 1164643
2008   1179567 1173025 1173927 1197445 1206369 1224246 1219239 1195297 1165158 1112805 1036159  996596
2009    977960  983446  956956  953438  961031  977225  982996  998432 1000735 1011335 1029837 1038080
2010   1047426 1050098 1070220 1082465 1076193 1073965 1084230 1091156 1100993 1117789 1128582 1143819
2011   1170368 1168535 1197455 1202456 1197675 1205131 1212067 1218227 1220372 1230002 1229136 1240238
2012   1252376 1262184 1268424 1270300 1262145 1242790 1246764 1259361 1277653 1272120 1284377 1287733
2013   1293949 1311738 1288951 1285573 1298835 1296373 1295411 1302692 1305082 1310924 1321402 1322550
2014   1311352 1325901 1336206 1340129 1343887 1347183 1351123 1351349 1348343 1343908 1338645 1328586
2015   1299545 1294254 1303364 1307558 1310766 1316192 1314516 1304918 1304345 1301006 1296965 1289639
2016   1279099 1275814 1278267 1288674 1292865 1306188 1303601       .       .       .       .       .
